 31.0000000000000    340.000000000000
 37.0000000000000    339.000000000000
 41.0000000000000    338.000000000000
 45.0000000000000    337.000000000000
 49.0000000000000    335.000000000000
 52.0000000000000    333.000000000000
 55.0000000000000    330.000000000000
 57.0000000000000    327.000000000000
 58.0000000000000    324.000000000000
 59.0000000000000    320.000000000000
 60.0000000000000    314.000000000000
 60.0000000000000    308.000000000000
 59.0000000000000    303.000000000000
 58.0000000000000    298.000000000000
 57.0000000000000    293.000000000000
 56.0000000000000    289.000000000000
 55.0000000000000    285.000000000000
 55.0000000000000    281.000000000000
 56.0000000000000    277.000000000000
 57.0000000000000    274.000000000000
 59.0000000000000    270.000000000000
 62.0000000000000    267.000000000000
 67.0000000000000    264.000000000000
 73.0000000000000    263.000000000000
 78.0000000000000    263.000000000000
 83.0000000000000    264.000000000000
 88.0000000000000    266.000000000000
 92.0000000000000    268.000000000000
 97.0000000000000    270.000000000000
 102.000000000000    272.000000000000
 107.000000000000    273.000000000000
 112.000000000000    273.000000000000
 117.000000000000    271.000000000000
 121.000000000000    268.000000000000
 124.000000000000    264.000000000000
 125.000000000000    260.000000000000
 126.000000000000    255.000000000000
 126.000000000000    251.000000000000
 126.000000000000    246.000000000000
 125.000000000000    240.000000000000
 124.000000000000    235.000000000000
 122.000000000000    230.000000000000
 120.000000000000    226.000000000000
 118.000000000000    222.000000000000
 117.000000000000    218.000000000000
 116.000000000000    213.000000000000
 117.000000000000    208.000000000000
 119.000000000000    204.000000000000
 122.000000000000    201.000000000000
 126.000000000000    199.000000000000
 132.000000000000    197.000000000000
 137.000000000000    197.000000000000
 142.000000000000    197.000000000000
 147.000000000000    198.000000000000
 151.000000000000    199.000000000000
 156.000000000000    200.000000000000
 161.000000000000    201.000000000000
 167.000000000000    202.000000000000
 174.000000000000    202.000000000000
 180.000000000000    201.000000000000
 187.000000000000    199.000000000000
 192.000000000000    197.000000000000
 197.000000000000    194.000000000000
 201.000000000000    191.000000000000
 205.000000000000    187.000000000000
 208.000000000000    183.000000000000
 211.000000000000    178.000000000000
 213.000000000000    173.000000000000
 215.000000000000    167.000000000000
 217.000000000000    161.000000000000
 218.000000000000    158.000000000000
 220.000000000000    153.000000000000
 222.000000000000    149.000000000000
 226.000000000000    146.000000000000
 230.000000000000    144.000000000000
 236.000000000000    143.000000000000
 243.000000000000    144.000000000000
 251.000000000000    147.000000000000
 257.000000000000    150.000000000000
 263.000000000000    152.000000000000
 271.000000000000    153.000000000000
 277.000000000000    152.000000000000
 283.000000000000    149.000000000000
 289.000000000000    144.000000000000
 292.000000000000    138.000000000000
 292.000000000000    130.000000000000
 291.000000000000    122.000000000000
 291.000000000000    116.000000000000
 291.000000000000    109.000000000000
 292.000000000000    101.000000000000
 294.000000000000    94.0000000000000
 296.000000000000    89.0000000000000
 299.000000000000    85.0000000000000
 303.000000000000    82.0000000000000
 308.000000000000    80.0000000000000
 315.000000000000    79.0000000000000
 321.000000000000    79.0000000000000
 327.000000000000    81.0000000000000
 332.000000000000    85.0000000000000
 337.000000000000    89.0000000000000
 341.000000000000    94.0000000000000
 345.000000000000    98.0000000000000
 350.000000000000    102.000000000000
 356.000000000000    105.000000000000
 362.000000000000    106.000000000000
 368.000000000000    106.000000000000
 374.000000000000    104.000000000000
 379.000000000000    101.000000000000
 382.000000000000    97.0000000000000
 384.000000000000    92.0000000000000
 385.000000000000    87.0000000000000
 385.000000000000    82.0000000000000
 385.000000000000    77.0000000000000
 385.000000000000    72.0000000000000
 386.000000000000    67.0000000000000
 388.000000000000    63.0000000000000
 391.000000000000    59.0000000000000
 394.000000000000    56.0000000000000
 398.000000000000    53.0000000000000
 403.000000000000    51.0000000000000
 408.000000000000    50.0000000000000
 413.000000000000    50.0000000000000
 418.000000000000    50.0000000000000
 424.000000000000    51.0000000000000
 429.000000000000    53.0000000000000
 434.000000000000    56.0000000000000
 438.000000000000    60.0000000000000
 441.000000000000    64.0000000000000
 443.000000000000    68.0000000000000
 445.000000000000    73.0000000000000
 447.000000000000    78.0000000000000
 450.000000000000    82.0000000000000
 454.000000000000    85.0000000000000
 459.000000000000    87.0000000000000
 464.000000000000    88.0000000000000
 470.000000000000    88.0000000000000
 476.000000000000    86.0000000000000
 480.000000000000    83.0000000000000
 484.000000000000    79.0000000000000
 488.000000000000    75.0000000000000
 492.000000000000    71.0000000000000
 496.000000000000    67.0000000000000
 501.000000000000    64.0000000000000
 507.000000000000    62.0000000000000
 513.000000000000    61.0000000000000
 520.000000000000    61.0000000000000
 526.000000000000    63.0000000000000
 532.000000000000    66.0000000000000
 536.000000000000    69.0000000000000
 540.000000000000    74.0000000000000
 542.000000000000    79.0000000000000
 543.000000000000    85.0000000000000
 543.000000000000    90.0000000000000
 543.000000000000    95.0000000000000
 544.000000000000    101.000000000000
 545.000000000000    107.000000000000
 548.000000000000    113.000000000000
 552.000000000000    117.000000000000
 557.000000000000    120.000000000000
 563.000000000000    122.000000000000
 569.000000000000    122.000000000000
 576.000000000000    120.000000000000
 583.000000000000    117.000000000000
 588.000000000000    115.000000000000
 593.000000000000    113.000000000000
 598.000000000000    111.000000000000
 604.000000000000    109.000000000000
 614.000000000000    108.000000000000
 621.000000000000    108.000000000000
 628.000000000000    109.000000000000
 634.000000000000    111.000000000000
 639.000000000000    114.000000000000
 641.000000000000    118.000000000000
 642.000000000000    123.000000000000
 643.000000000000    128.000000000000
 643.000000000000    133.000000000000
 644.000000000000    138.000000000000
 646.000000000000    143.000000000000
 649.000000000000    146.000000000000
 653.000000000000    149.000000000000
 658.000000000000    151.000000000000
 663.000000000000    151.000000000000
 668.000000000000    150.000000000000
 673.000000000000    148.000000000000
 678.000000000000    145.000000000000
